[USA.jpg]
filters=finetune2=1,0.000000,0.000000,0.480000,00000000,-0.017544;unsharp2=1,3.000000;QuantizePalette=1,30.000000,74.269012,12.865498;HeatMap=1,24.210520,14.619883;IR=1,0.000000;Orton=1,7.017544,50.000000,0.000000;
moddate=71e68ca49dbfcd01
width=512
height=512
textactive=0
